# oST version 5.0 parameters


[image]

width
1600

height
1100

[/vision/calibratet]

camera matrix
1074.041900 0.000000 831.749541
0.000000 1074.389689 593.685368
0.000000 0.000000 1.000000

distortion
-0.137751 0.065581 -0.001044 0.001723 0.000000

rectification
1.000000 0.000000 0.000000
0.000000 1.000000 0.000000
0.000000 0.000000 1.000000

projection
1008.396301 0.000000 838.026643 0.000000
0.000000 1037.997681 595.381048 0.000000
0.000000 0.000000 1.000000 0.000000

